[a]
0,0,0,0,0
[b]
1.1063783782217407, -0.46728077367958565, -0.53252981024569912, 0.12966821477477827, 0.15518947337882066
[c]
0.8,0,0,0,0
[d]
-0.56720637869750301, -1.6784053087389896, -0.58939282337887378, 0.24972858331697498, -0.044910259709614486
[e]
0.76771253537649575, 0.96838857273770773, 0.51110101008600994, 0.3946223976885519, 0.49564654449596179
[f]
-0.6,0,0,0,0
[g]
-1.5,0,0,0,0
[h]
-0.08426244997308685, -0.79952673243376826, -0.55801434069483014, 0.23500383377238945, 0.02809012996653884
[i]
0.0,0,0,0,0
[j]
0.0,0,0,0,0
[k]
-2.82,0,0,0,0
[l]
0.45535656744578723, 0.72660413610568342, 0.24280420322579563, -0.19602222333611913, 0.19595509899354044
[m]
0.5,0,0,0,0
[n]
0.19536765060102157, -0.97161464381945906, -1.8533320672839682, 0.64438816881935856, -0.31970817735415968
[o]
0.88145161400314143, 2.2895252872507932, -0.020122844495713832, 0.064178698146073299, -0.086873225035036417
[p]
-1.342242983462274, -0.73217681374574228, -0.001905462152319147, 0.021934452874766627, -0.046051946519326648
[q]
1.97,0,0,0,0
[r]
1.8290906996966458, 1.5363431742333198, -0.67489826150739396, -0.41104193608685802, 0.01412891671932448
[s]
-0.7984433376453226, 2.1911868487177038, 1.4128861657957681, -0.22710949673694081, 0.83171680680228322
[t]
0.0,0,0,0,0
[u]
-0.5363262580578364, -0.77765692694476352, 0.14410306030499345, -0.6764915075280924, -0.82850694279253667
[v]
4.1832728175040836, 0.66198226899029622, 0.84900882610729322, 0.44995976960029521, 0.054417878975580654
[w]
-2.62,0,0,0,0
[x]
6.51,0,0,0,0
[y]
0.39047313233248454, -0.63963544906018055, 0.15624854773193564, 0.19444417621488896, -0.47326900692747059
[z]
2.81,0,0,0,0
[r#]
0,0,0,0,0
